// note_dac_pattern_seq.txt
// note on dac pattern seq 

// test seq 1 
// [from fifo         ] [buf_inc] [reg on pattern gen           ] [start] [pattern] [fifo] [cnt_dur ctl  ] [out ctl ]
//  out  inc  dur        inc       out  cnt_idx cnt_dur  cnt_rpt           state     load   load cnt_down   load inc
//0_FFDF 0253 00000027             XXXX 0000    XXXXXXXX 0000      0       0         0      0    0          0    0
//                                 XXXX 0000    XXXXXXXX 0000      0       0         0      0    0          0    0
//                                 XXXX 0000    XXXXXXXX 0000      1       0         1      1    0          1    0
//1_5CE7 0000 0000009F   0253      FFDF 0000    00000027 0000      0       1         0      0    1          0    1
//                                 0232 0000    00000026 0000      0       1         0      0    1          0    1
//                                 0485 0000    00000025 0000      0       1         0      0    1          0    1
//                                 ...  ...               
//                                 55DE 0000    00000002 0000      0       1         0      0    1          0    1
//                                 5831 0000    00000001 0000      0       1         0      0    1          0    1
//                                 5A84 0000    00000000 0000      0       1         1      1    0          1    0
//2_5CE7 FDAD 00000027   0000      5CE7 0001    0000009F 0000      0       1         0      0    1          0    1
//                                 5CE7 0001    0000009E 0000      0       1         0      0    1          0    1
//                                 5CE7 0001    0000009D 0000      0       1         0      0    1          0    1
//                                 ...  ...               
//                                 5CE7 0001    00000002 0000      0       1         0      0    1          0    1
//                                 5CE7 0001    00000001 0000      0       1         0      0    1          0    1
//                                 5CE7 0001    00000000 0000      0       1         1      1    0          1    0
//3_FFDF 0000 0000009F   FDAD      5CE7 0002    00000027 0000      0       1         0      0    0          0    0
//                                 5A94 0002    00000026 0000      0       1         0      0    1          0    1
//                                 5841 0002    00000025 0000      0       1         0      0    1          0    1
//                                 ...  ...               
//                                 06E8 0002    00000002 0000      0       1         0      0    1          0    1
//                                 0495 0002    00000001 0000      0       1         0      0    1          0    1
//                                 0242 0002    00000000 0000      0       1         1      1    0          1    0
//4_FFDF FDAD 00000027   0000      FFDF 0003    0000009F 0000      0       1         0      0    0          0    1
//                                 FFDF 0003    0000009E 0000      0       1         0      0    1          0    1
//                                 FFDF 0003    0000009D 0000      0       1         0      0    1          0    1
//                                 ...  ...               
//                                 FFDF 0003    00000002 0000      0       1         0      0    1          0    1
//                                 FFDF 0003    00000001 0000      0       1         0      0    1          0    1
//                                 FFDF 0003    00000000 0000      0       1         1      1    0          1    0
//5_A2D8 0000 0000009F   FDAD      FFDF 0004    00000027 0000      0       1         0      0    0          0    1
//                                 FD8C 0004    00000026 0000      0       1         0      0    1          0    1
//                                 FB39 0004    00000025 0000      0       1         0      0    1          0    1
//                                 ...  ...               
//                                 A9E0 0004    00000002 0000      0       1         0      0    1          0    1
//                                 A78D 0004    00000001 0000      0       1         0      0    1          0    1
//                                 A53A 0004    00000000 0000      0       1         1      1    0          1    0
//6_A2D8 0253 00000027   0000      A2D8 0005    0000009F 0000      0       1         0      0    0          0    1
//                                 A2D8 0005    0000009E 0000      0       1         0      0    1          0    1
//                                 A2D8 0005    0000009D 0000      0       1         0      0    1          0    1
//                                 ...  ...               
//                                 A2D8 0005    00000002 0000      0       1         0      0    1          0    1
//                                 A2D8 0005    00000001 0000      0       1         0      0    1          0    1
//                                 A2D8 0005    00000000 0000      0       1         1      1    0          1    0
//7_FFDF 0000 0000009F   0253      A2D8 0006    00000027 0000      0       1         0      0    0          0    1
//                                 A52B 0006    00000026 0000      0       1         0      0    1          0    1
//                                 A77E 0006    00000025 0000      0       1         0      0    1          0    1
//                                 ...  ...               
//                                 F8D7 0006    00000002 0000      0       1         0      0    1          0    1
//                                 FB2A 0006    00000001 0000      0       1         0      0    1          0    1
//                                 FD7D 0006    00000000 0000      0       1         1      1    0          1    0
//8_FFDF 0000 00000000   0000      FFDF 0007    0000009F 0000      0       1         0      0    0          0    1
//                                 FFDF 0007    0000009E 0000      0       1         0      0    1          0    1
//                                 FFDF 0007    0000009D 0000      0       1         0      0    1          0    1
//                                 ...  ...              
//                                 FFDF 0007    00000002 0000      0       1         0      0    1          0    1
//                                 FFDF 0007    00000001 0000      0       1         0      0    1          0    1
//                                 FFDF 0007    00000000 0000      0       1         1      1    0          1    0
//9_0000 0000 00000000   0000      FFDF 0008    00000000 0000      0       1         1      1    0          1    0
//0_FFDF 0253 00000027   0000      0000 0009    00000000 0000      0       1         1      1    0          1    0
//1_5CE7 0000 0000009F   0253      FFDF 0010    00000027 0000      0       2         1      1    0          0    1 // state 2 // glitch-like
//                                 0232 0000    00000026 0001      0       1         0      0    1          0    1
//                                 0485 0000    00000025 0001      0       1         0      0    1          0    1
//                                 ...  ...              
//                                 55DE 0000    00000002 0001      0       1         0      0    1          0    1
//                                 5831 0000    00000001 0001      0       1         0      0    1          0    1
//                                 5A84 0000    00000000 0001      0       1         1      1    0          1    0
//2_5CE7 FDAD 00000027   0000      5CE7 0001    0000009F 0001      0       1         0      0    1          0    1
//                                 5CE7 0001    0000009E 0001      0       1         0      0    1          0    1
//                                 5CE7 0001    0000009D 0001      0       1         0      0    1          0    1
//                                 ...  ...               
//                                 ...  ...               
//                                 ...  ...               
//                                 FFDF 0007    00000002 0004      0       1         0      0    1          0    1
//                                 FFDF 0007    00000001 0004      0       1         0      0    1          0    1
//                                 FFDF 0007    00000000 0004      0       1         1      1    0          1    0
//9_0000 0000 00000000   0000      FFDF 0008    00000000 0004      0       1         1      1    0          1    0
//0_FFDF 0253 00000027   0000      0000 0009    00000000 0004      0       1         1      1    0          1    0
//1_5CE7 0000 0000009F   0253      FFDF 0010    00000027 0004      0       2         1      1    0          0    1 // state 2 // glitch-like
//                                 0232 0000    0000009F 0005      0       3         0      0    1          0    1
//                                 0232 0000    0000009F 0005      0       0         0      0    1          0    1
//                                 0000 0000    0000009F 0000      0       0         0      0    1          0    1 // finish

